0,08 -0,82
0,57 -0,82
0,52 0,69
-0,92 -0,35
-0,30 0,88
-0,44 -0,43
0,88 0,56
-0,83 0,73
0,60 -0,25
0,80 -0,32
0,24 0,37
-0,29 -0,55
-0,48 0,39
0,34 -0,38
0,36 -0,63
0,35 0,49
0,04 0,46
0,63 0,94
-0,74 -0,26
-0,29 -0,48
0,28 0,33
-0,48 0,91
-0,76 0,25
-0,13 0,82
0,62 0,96
-0,51 0,97
0,10 -0,79
0,85 -0,51
-0,30 0,91
-0,44 0,93
0,54 -0,10
-0,53 -0,47
0,15 -0,60
0,20 -0,45
-0,29 -0,72
-0,83 0,51
0,95 -0,14
0,29 -0,74
-0,64 -0,29
-0,34 0,49
-0,46 -0,19
0,81 0,42
-0,19 0,64
0,73 -0,80
0,19 -0,67
-0,26 -0,35
-0,86 -0,57
0,27 0,50
0,14 0,77
0,56 0,78
-0,11 0,78
-0,18 0,10
-0,70 0,19
-0,33 0,60
0,07 -0,82
-0,01 0,19
-0,64 0,64
0,54 0,41
0,92 -0,39
-0,37 -0,39
0,84 0,85
-0,36 0,41
-0,48 0,20
-0,84 -0,81
0,48 -0,23
-0,68 -0,50
0,99 0,05
-0,12 1,00
0,98 0,28
-0,64 -0,38
-0,90 0,33
-0,85 -0,86
0,44 0,26
0,52 0,10
-0,35 0,80
0,78 0,18
-0,69 0,74
-0,32 0,52
0,90 0,72
0,38 0,46
-0,81 -0,90
0,81 -0,11
-0,13 0,56
0,57 0,82
-0,23 -0,92
-0,31 -0,17
0,84 -0,02
0,42 0,93
0,24 0,65
0,04 -0,54
-0,19 0,35
-0,90 -0,73
-0,31 -0,86
-0,57 0,61
0,17 -0,52
-0,13 0,30
0,89 0,96
-0,70 -0,08
-0,17 -0,47
-0,05 0,61
